Image
{
	200 200
	0.2 0.2 0.2
}

Transformation
{
}

Transformation
{
	T 0 0 -74
	Rx -60
	Rz 45
}

Transformation
{
	T -7 5 66
}

Transformation
{
	T 24 0 0
	S 12 12 12
}

Transformation
{
	T 0 -24 0
	S 6 6 6
}

Material
{
	0 0 0
	0 0 0 0 1
}

Material
{
	0 0 1
	0.1 0.3 0.8 0 1
}

Material
{
	1 1 1
	0.1 0.3 0.8 0 1
}

Material
{
	1 0 0
	0.1 0.3 0 1 1.2
}

Material
{
	0 1 0
	0.1 0.3 1 0 1
}

Material
{
	1 1 0
	0.1 0.6 0 0 1
}

Material
{
	1 1 1
	0.1 0.3 1 0 1
}

Camera
{
	1
	30.0
	30.0
}

Light
{
	2
	1 1 1
}

Triangles
{
	0
	1
	-32 -32 -11
	-24 -32 -11
	-24 -24 -11
	1
	-24 -24 -11
	-32 -24 -11
	-32 -32 -11
	2
	-24 -32 -11
	-16 -32 -11
	-16 -24 -11
	2
	-16 -24 -11
	-24 -24 -11
	-24 -32 -11
	1
	-16 -32 -11
	-8 -32 -11
	-8 -24 -11
	1
	-8 -24 -11
	-16 -24 -11
	-16 -32 -11
	2
	-8 -32 -11
	0 -32 -11
	0 -24 -11
	2
	0 -24 -11
	-8 -24 -11
	-8 -32 -11
	1
	0 -32 -11
	8 -32 -11
	8 -24 -11
	1
	8 -24 -11
	0 -24 -11
	0 -32 -11
	2
	8 -32 -11
	16 -32 -11
	16 -24 -11
	2
	16 -24 -11
	8 -24 -11
	8 -32 -11
	1
	16 -32 -11
	24 -32 -11
	24 -24 -11
	1
	24 -24 -11
	16 -24 -11
	16 -32 -11
	2
	24 -32 -11
	32 -32 -11
	32 -24 -11
	2
	32 -24 -11
	24 -24 -11
	24 -32 -11
	2
	-32 -24 -11
	-24 -24 -11
	-24 -16 -11
	2
	-24 -16 -11
	-32 -16 -11
	-32 -24 -11
	1
	-24 -24 -11
	-16 -24 -11
	-16 -16 -11
	1
	-16 -16 -11
	-24 -16 -11
	-24 -24 -11
	2
	-16 -24 -11
	-8 -24 -11
	-8 -16 -11
	2
	-8 -16 -11
	-16 -16 -11
	-16 -24 -11
	1
	-8 -24 -11
	0 -24 -11
	0 -16 -11
	1
	0 -16 -11
	-8 -16 -11
	-8 -24 -11
	2
	0 -24 -11
	8 -24 -11
	8 -16 -11
	2
	8 -16 -11
	0 -16 -11
	0 -24 -11
	1
	8 -24 -11
	16 -24 -11
	16 -16 -11
	1
	16 -16 -11
	8 -16 -11
	8 -24 -11
	2
	16 -24 -11
	24 -24 -11
	24 -16 -11
	2
	24 -16 -11
	16 -16 -11
	16 -24 -11
	1
	24 -24 -11
	32 -24 -11
	32 -16 -11
	1
	32 -16 -11
	24 -16 -11
	24 -24 -11
	1
	-32 -16 -11
	-24 -16 -11
	-24 -8 -11
	1
	-24 -8 -11
	-32 -8 -11
	-32 -16 -11
	2
	-24 -16 -11
	-16 -16 -11
	-16 -8 -11
	2
	-16 -8 -11
	-24 -8 -11
	-24 -16 -11
	1
	-16 -16 -11
	-8 -16 -11
	-8 -8 -11
	1
	-8 -8 -11
	-16 -8 -11
	-16 -16 -11
	2
	-8 -16 -11
	0 -16 -11
	0 -8 -11
	2
	0 -8 -11
	-8 -8 -11
	-8 -16 -11
	1
	0 -16 -11
	8 -16 -11
	8 -8 -11
	1
	8 -8 -11
	0 -8 -11
	0 -16 -11
	2
	8 -16 -11
	16 -16 -11
	16 -8 -11
	2
	16 -8 -11
	8 -8 -11
	8 -16 -11
	1
	16 -16 -11
	24 -16 -11
	24 -8 -11
	1
	24 -8 -11
	16 -8 -11
	16 -16 -11
	2
	24 -16 -11
	32 -16 -11
	32 -8 -11
	2
	32 -8 -11
	24 -8 -11
	24 -16 -11
	2
	-32 -8 -11
	-24 -8 -11
	-24 0 -11
	2
	-24 0 -11
	-32 0 -11
	-32 -8 -11
	1
	-24 -8 -11
	-16 -8 -11
	-16 0 -11
	1
	-16 0 -11
	-24 0 -11
	-24 -8 -11
	2
	-16 -8 -11
	-8 -8 -11
	-8 0 -11
	2
	-8 0 -11
	-16 0 -11
	-16 -8 -11
	1
	-8 -8 -11
	0 -8 -11
	0 0 -11
	1
	0 0 -11
	-8 0 -11
	-8 -8 -11
	2
	0 -8 -11
	8 -8 -11
	8 0 -11
	2
	8 0 -11
	0 0 -11
	0 -8 -11
	1
	8 -8 -11
	16 -8 -11
	16 0 -11
	1
	16 0 -11
	8 0 -11
	8 -8 -11
	2
	16 -8 -11
	24 -8 -11
	24 0 -11
	2
	24 0 -11
	16 0 -11
	16 -8 -11
	1
	24 -8 -11
	32 -8 -11
	32 0 -11
	1
	32 0 -11
	24 0 -11
	24 -8 -11
	1
	-32 0 -11
	-24 0 -11
	-24 8 -11
	1
	-24 8 -11
	-32 8 -11
	-32 0 -11
	2
	-24 0 -11
	-16 0 -11
	-16 8 -11
	2
	-16 8 -11
	-24 8 -11
	-24 0 -11
	1
	-16 0 -11
	-8 0 -11
	-8 8 -11
	1
	-8 8 -11
	-16 8 -11
	-16 0 -11
	2
	-8 0 -11
	0 0 -11
	0 8 -11
	2
	0 8 -11
	-8 8 -11
	-8 0 -11
	1
	0 0 -11
	8 0 -11
	8 8 -11
	1
	8 8 -11
	0 8 -11
	0 0 -11
	2
	8 0 -11
	16 0 -11
	16 8 -11
	2
	16 8 -11
	8 8 -11
	8 0 -11
	1
	16 0 -11
	24 0 -11
	24 8 -11
	1
	24 8 -11
	16 8 -11
	16 0 -11
	2
	24 0 -11
	32 0 -11
	32 8 -11
	2
	32 8 -11
	24 8 -11
	24 0 -11
	2
	-32 8 -11
	-24 8 -11
	-24 16 -11
	2
	-24 16 -11
	-32 16 -11
	-32 8 -11
	1
	-24 8 -11
	-16 8 -11
	-16 16 -11
	1
	-16 16 -11
	-24 16 -11
	-24 8 -11
	2
	-16 8 -11
	-8 8 -11
	-8 16 -11
	2
	-8 16 -11
	-16 16 -11
	-16 8 -11
	1
	-8 8 -11
	0 8 -11
	0 16 -11
	1
	0 16 -11
	-8 16 -11
	-8 8 -11
	2
	0 8 -11
	8 8 -11
	8 16 -11
	2
	8 16 -11
	0 16 -11
	0 8 -11
	1
	8 8 -11
	16 8 -11
	16 16 -11
	1
	16 16 -11
	8 16 -11
	8 8 -11
	2
	16 8 -11
	24 8 -11
	24 16 -11
	2
	24 16 -11
	16 16 -11
	16 8 -11
	1
	24 8 -11
	32 8 -11
	32 16 -11
	1
	32 16 -11
	24 16 -11
	24 8 -11
	1
	-32 16 -11
	-24 16 -11
	-24 24 -11
	1
	-24 24 -11
	-32 24 -11
	-32 16 -11
	2
	-24 16 -11
	-16 16 -11
	-16 24 -11
	2
	-16 24 -11
	-24 24 -11
	-24 16 -11
	1
	-16 16 -11
	-8 16 -11
	-8 24 -11
	1
	-8 24 -11
	-16 24 -11
	-16 16 -11
	2
	-8 16 -11
	0 16 -11
	0 24 -11
	2
	0 24 -11
	-8 24 -11
	-8 16 -11
	1
	0 16 -11
	8 16 -11
	8 24 -11
	1
	8 24 -11
	0 24 -11
	0 16 -11
	2
	8 16 -11
	16 16 -11
	16 24 -11
	2
	16 24 -11
	8 24 -11
	8 16 -11
	1
	16 16 -11
	24 16 -11
	24 24 -11
	1
	24 24 -11
	16 24 -11
	16 16 -11
	2
	24 16 -11
	32 16 -11
	32 24 -11
	2
	32 24 -11
	24 24 -11
	24 16 -11
	2
	-32 24 -11
	-24 24 -11
	-24 32 -11
	2
	-24 32 -11
	-32 32 -11
	-32 24 -11
	1
	-24 24 -11
	-16 24 -11
	-16 32 -11
	1
	-16 32 -11
	-24 32 -11
	-24 24 -11
	2
	-16 24 -11
	-8 24 -11
	-8 32 -11
	2
	-8 32 -11
	-16 32 -11
	-16 24 -11
	1
	-8 24 -11
	0 24 -11
	0 32 -11
	1
	0 32 -11
	-8 32 -11
	-8 24 -11
	2
	0 24 -11
	8 24 -11
	8 32 -11
	2
	8 32 -11
	0 32 -11
	0 24 -11
	1
	8 24 -11
	16 24 -11
	16 32 -11
	1
	16 32 -11
	8 32 -11
	8 24 -11
	2
	16 24 -11
	24 24 -11
	24 32 -11
	2
	24 32 -11
	16 32 -11
	16 24 -11
	1
	24 24 -11
	32 24 -11
	32 32 -11
	1
	32 32 -11
	24 32 -11
	24 24 -11
}

Triangles
{
	0
	3
	-30 -6 -6
	-18 -6 -6
	-24 0 6
	3
	-18 -6 -6
	-18 6 -6
	-24 0 6
	3
	-18 6 -6
	-30 6 -6
	-24 0 6
	3
	-30 6 -6
	-30 -6 -6
	-24 0 6
	3
	-30 -6 -6
	-18 6 -6
	-18 -6 -6
	3
	-18 6 -6
	-30 -6 -6
	-30 6 -6
}

Box
{
	3
	4
}

Triangles
{
	0
	5
	11.799455 -4.887494 1.148050
	12.771639 0.000000 1.148050
	11.198640 -4.638628 2.121320
	5
	12.121320 0.000000 2.121320
	11.198640 -4.638628 2.121320
	12.771639 0.000000 1.148050
	5
	11.198640 -4.638628 2.121320
	12.121320 0.000000 2.121320
	10.299455 -4.266174 2.771639
	5
	11.148050 0.000000 2.771639
	10.299455 -4.266174 2.771639
	12.121320 0.000000 2.121320
	5
	10.299455 -4.266174 2.771639
	11.148050 0.000000 2.771639
	9.238795 -3.826834 3.000000
	5
	10.000000 0.000000 3.000000
	9.238795 -3.826834 3.000000
	11.148050 0.000000 2.771639
	5
	9.238795 -3.826834 3.000000
	10.000000 0.000000 3.000000
	8.178135 -3.387494 2.771639
	5
	8.851950 0.000000 2.771639
	8.178135 -3.387494 2.771639
	10.000000 0.000000 3.000000
	5
	8.178135 -3.387494 2.771639
	8.851950 0.000000 2.771639
	7.278951 -3.015040 2.121320
	5
	7.878680 0.000000 2.121320
	7.278951 -3.015040 2.121320
	8.851950 0.000000 2.771639
	5
	7.278951 -3.015040 2.121320
	7.878680 0.000000 2.121320
	6.678135 -2.766174 1.148050
	5
	7.228361 0.000000 1.148050
	6.678135 -2.766174 1.148050
	7.878680 0.000000 2.121320
	5
	6.678135 -2.766174 1.148050
	7.228361 0.000000 1.148050
	6.467157 -2.678784 0.000000
	5
	7.000000 0.000000 0.000000
	6.467157 -2.678784 0.000000
	7.228361 0.000000 1.148050
	5
	6.467157 -2.678784 0.000000
	7.000000 0.000000 0.000000
	6.678135 -2.766174 -1.148050
	5
	7.228361 0.000000 -1.148050
	6.678135 -2.766174 -1.148050
	7.000000 0.000000 0.000000
	5
	6.678135 -2.766174 -1.148050
	7.228361 0.000000 -1.148050
	7.278951 -3.015040 -2.121320
	5
	7.878680 0.000000 -2.121320
	7.278951 -3.015040 -2.121320
	7.228361 0.000000 -1.148050
	5
	7.278951 -3.015040 -2.121320
	7.878680 0.000000 -2.121320
	8.178135 -3.387494 -2.771639
	5
	8.851950 0.000000 -2.771639
	8.178135 -3.387494 -2.771639
	7.878680 0.000000 -2.121320
	5
	8.178135 -3.387494 -2.771639
	8.851950 0.000000 -2.771639
	9.238795 -3.826834 -3.000000
	5
	10.000000 0.000000 -3.000000
	9.238795 -3.826834 -3.000000
	8.851950 0.000000 -2.771639
	5
	9.238795 -3.826834 -3.000000
	10.000000 0.000000 -3.000000
	10.299455 -4.266174 -2.771639
	5
	11.148050 0.000000 -2.771639
	10.299455 -4.266174 -2.771639
	10.000000 0.000000 -3.000000
	5
	10.299455 -4.266174 -2.771639
	11.148050 0.000000 -2.771639
	11.198640 -4.638628 -2.121320
	5
	12.121320 0.000000 -2.121320
	11.198640 -4.638628 -2.121320
	11.148050 0.000000 -2.771639
	5
	11.198640 -4.638628 -2.121320
	12.121320 0.000000 -2.121320
	11.799455 -4.887494 -1.148050
	5
	12.771639 0.000000 -1.148050
	11.799455 -4.887494 -1.148050
	12.121320 0.000000 -2.121320
	5
	11.799455 -4.887494 -1.148050
	12.771639 0.000000 -1.148050
	12.010434 -4.974885 0.000000
	5
	13.000000 0.000000 0.000000
	12.010434 -4.974885 0.000000
	12.771639 0.000000 -1.148050
	5
	12.010434 -4.974885 0.000000
	13.000000 0.000000 0.000000
	11.799455 -4.887494 1.148050
	5
	12.771639 0.000000 1.148050
	11.799455 -4.887494 1.148050
	13.000000 0.000000 0.000000
	5
	9.030912 -9.030912 1.148050
	11.799455 -4.887494 1.148050
	8.571068 -8.571068 2.121320
	5
	11.198640 -4.638628 2.121320
	8.571068 -8.571068 2.121320
	11.799455 -4.887494 1.148050
	5
	8.571068 -8.571068 2.121320
	11.198640 -4.638628 2.121320
	7.882862 -7.882862 2.771639
	5
	10.299455 -4.266174 2.771639
	7.882862 -7.882862 2.771639
	11.198640 -4.638628 2.121320
	5
	7.882862 -7.882862 2.771639
	10.299455 -4.266174 2.771639
	7.071068 -7.071068 3.000000
	5
	9.238795 -3.826834 3.000000
	7.071068 -7.071068 3.000000
	10.299455 -4.266174 2.771639
	5
	7.071068 -7.071068 3.000000
	9.238795 -3.826834 3.000000
	6.259274 -6.259274 2.771639
	5
	8.178135 -3.387494 2.771639
	6.259274 -6.259274 2.771639
	9.238795 -3.826834 3.000000
	5
	6.259274 -6.259274 2.771639
	8.178135 -3.387494 2.771639
	5.571068 -5.571068 2.121320
	5
	7.278951 -3.015040 2.121320
	5.571068 -5.571068 2.121320
	8.178135 -3.387494 2.771639
	5
	5.571068 -5.571068 2.121320
	7.278951 -3.015040 2.121320
	5.111223 -5.111223 1.148050
	5
	6.678135 -2.766174 1.148050
	5.111223 -5.111223 1.148050
	7.278951 -3.015040 2.121320
	5
	5.111223 -5.111223 1.148050
	6.678135 -2.766174 1.148050
	4.949747 -4.949747 0.000000
	5
	6.467157 -2.678784 0.000000
	4.949747 -4.949747 0.000000
	6.678135 -2.766174 1.148050
	5
	4.949747 -4.949747 0.000000
	6.467157 -2.678784 0.000000
	5.111223 -5.111223 -1.148050
	5
	6.678135 -2.766174 -1.148050
	5.111223 -5.111223 -1.148050
	6.467157 -2.678784 0.000000
	5
	5.111223 -5.111223 -1.148050
	6.678135 -2.766174 -1.148050
	5.571068 -5.571068 -2.121320
	5
	7.278951 -3.015040 -2.121320
	5.571068 -5.571068 -2.121320
	6.678135 -2.766174 -1.148050
	5
	5.571068 -5.571068 -2.121320
	7.278951 -3.015040 -2.121320
	6.259274 -6.259274 -2.771639
	5
	8.178135 -3.387494 -2.771639
	6.259274 -6.259274 -2.771639
	7.278951 -3.015040 -2.121320
	5
	6.259274 -6.259274 -2.771639
	8.178135 -3.387494 -2.771639
	7.071068 -7.071068 -3.000000
	5
	9.238795 -3.826834 -3.000000
	7.071068 -7.071068 -3.000000
	8.178135 -3.387494 -2.771639
	5
	7.071068 -7.071068 -3.000000
	9.238795 -3.826834 -3.000000
	7.882862 -7.882862 -2.771639
	5
	10.299455 -4.266174 -2.771639
	7.882862 -7.882862 -2.771639
	9.238795 -3.826834 -3.000000
	5
	7.882862 -7.882862 -2.771639
	10.299455 -4.266174 -2.771639
	8.571068 -8.571068 -2.121320
	5
	11.198640 -4.638628 -2.121320
	8.571068 -8.571068 -2.121320
	10.299455 -4.266174 -2.771639
	5
	8.571068 -8.571068 -2.121320
	11.198640 -4.638628 -2.121320
	9.030912 -9.030912 -1.148050
	5
	11.799455 -4.887494 -1.148050
	9.030912 -9.030912 -1.148050
	11.198640 -4.638628 -2.121320
	5
	9.030912 -9.030912 -1.148050
	11.799455 -4.887494 -1.148050
	9.192388 -9.192388 0.000000
	5
	12.010434 -4.974885 0.000000
	9.192388 -9.192388 0.000000
	11.799455 -4.887494 -1.148050
	5
	9.192388 -9.192388 0.000000
	12.010434 -4.974885 0.000000
	9.030912 -9.030912 1.148050
	5
	11.799455 -4.887494 1.148050
	9.030912 -9.030912 1.148050
	12.010434 -4.974885 0.000000
	5
	4.887494 -11.799455 1.148050
	9.030912 -9.030912 1.148050
	4.638628 -11.198640 2.121320
	5
	8.571068 -8.571068 2.121320
	4.638628 -11.198640 2.121320
	9.030912 -9.030912 1.148050
	5
	4.638628 -11.198640 2.121320
	8.571068 -8.571068 2.121320
	4.266174 -10.299455 2.771639
	5
	7.882862 -7.882862 2.771639
	4.266174 -10.299455 2.771639
	8.571068 -8.571068 2.121320
	5
	4.266174 -10.299455 2.771639
	7.882862 -7.882862 2.771639
	3.826834 -9.238795 3.000000
	5
	7.071068 -7.071068 3.000000
	3.826834 -9.238795 3.000000
	7.882862 -7.882862 2.771639
	5
	3.826834 -9.238795 3.000000
	7.071068 -7.071068 3.000000
	3.387494 -8.178135 2.771639
	5
	6.259274 -6.259274 2.771639
	3.387494 -8.178135 2.771639
	7.071068 -7.071068 3.000000
	5
	3.387494 -8.178135 2.771639
	6.259274 -6.259274 2.771639
	3.015040 -7.278951 2.121320
	5
	5.571068 -5.571068 2.121320
	3.015040 -7.278951 2.121320
	6.259274 -6.259274 2.771639
	5
	3.015040 -7.278951 2.121320
	5.571068 -5.571068 2.121320
	2.766174 -6.678135 1.148050
	5
	5.111223 -5.111223 1.148050
	2.766174 -6.678135 1.148050
	5.571068 -5.571068 2.121320
	5
	2.766174 -6.678135 1.148050
	5.111223 -5.111223 1.148050
	2.678784 -6.467157 0.000000
	5
	4.949747 -4.949747 0.000000
	2.678784 -6.467157 0.000000
	5.111223 -5.111223 1.148050
	5
	2.678784 -6.467157 0.000000
	4.949747 -4.949747 0.000000
	2.766174 -6.678135 -1.148050
	5
	5.111223 -5.111223 -1.148050
	2.766174 -6.678135 -1.148050
	4.949747 -4.949747 0.000000
	5
	2.766174 -6.678135 -1.148050
	5.111223 -5.111223 -1.148050
	3.015040 -7.278951 -2.121320
	5
	5.571068 -5.571068 -2.121320
	3.015040 -7.278951 -2.121320
	5.111223 -5.111223 -1.148050
	5
	3.015040 -7.278951 -2.121320
	5.571068 -5.571068 -2.121320
	3.387494 -8.178135 -2.771639
	5
	6.259274 -6.259274 -2.771639
	3.387494 -8.178135 -2.771639
	5.571068 -5.571068 -2.121320
	5
	3.387494 -8.178135 -2.771639
	6.259274 -6.259274 -2.771639
	3.826834 -9.238795 -3.000000
	5
	7.071068 -7.071068 -3.000000
	3.826834 -9.238795 -3.000000
	6.259274 -6.259274 -2.771639
	5
	3.826834 -9.238795 -3.000000
	7.071068 -7.071068 -3.000000
	4.266174 -10.299455 -2.771639
	5
	7.882862 -7.882862 -2.771639
	4.266174 -10.299455 -2.771639
	7.071068 -7.071068 -3.000000
	5
	4.266174 -10.299455 -2.771639
	7.882862 -7.882862 -2.771639
	4.638628 -11.198640 -2.121320
	5
	8.571068 -8.571068 -2.121320
	4.638628 -11.198640 -2.121320
	7.882862 -7.882862 -2.771639
	5
	4.638628 -11.198640 -2.121320
	8.571068 -8.571068 -2.121320
	4.887494 -11.799455 -1.148050
	5
	9.030912 -9.030912 -1.148050
	4.887494 -11.799455 -1.148050
	8.571068 -8.571068 -2.121320
	5
	4.887494 -11.799455 -1.148050
	9.030912 -9.030912 -1.148050
	4.974885 -12.010434 0.000000
	5
	9.192388 -9.192388 0.000000
	4.974885 -12.010434 0.000000
	9.030912 -9.030912 -1.148050
	5
	4.974885 -12.010434 0.000000
	9.192388 -9.192388 0.000000
	4.887494 -11.799455 1.148050
	5
	9.030912 -9.030912 1.148050
	4.887494 -11.799455 1.148050
	9.192388 -9.192388 0.000000
	5
	0.000000 -12.771639 1.148050
	4.887494 -11.799455 1.148050
	0.000000 -12.121320 2.121320
	5
	4.638628 -11.198640 2.121320
	0.000000 -12.121320 2.121320
	4.887494 -11.799455 1.148050
	5
	0.000000 -12.121320 2.121320
	4.638628 -11.198640 2.121320
	0.000000 -11.148050 2.771639
	5
	4.266174 -10.299455 2.771639
	0.000000 -11.148050 2.771639
	4.638628 -11.198640 2.121320
	5
	0.000000 -11.148050 2.771639
	4.266174 -10.299455 2.771639
	0.000000 -10.000000 3.000000
	5
	3.826834 -9.238795 3.000000
	0.000000 -10.000000 3.000000
	4.266174 -10.299455 2.771639
	5
	0.000000 -10.000000 3.000000
	3.826834 -9.238795 3.000000
	0.000000 -8.851950 2.771639
	5
	3.387494 -8.178135 2.771639
	0.000000 -8.851950 2.771639
	3.826834 -9.238795 3.000000
	5
	0.000000 -8.851950 2.771639
	3.387494 -8.178135 2.771639
	0.000000 -7.878680 2.121320
	5
	3.015040 -7.278951 2.121320
	0.000000 -7.878680 2.121320
	3.387494 -8.178135 2.771639
	5
	0.000000 -7.878680 2.121320
	3.015040 -7.278951 2.121320
	0.000000 -7.228361 1.148050
	5
	2.766174 -6.678135 1.148050
	0.000000 -7.228361 1.148050
	3.015040 -7.278951 2.121320
	5
	0.000000 -7.228361 1.148050
	2.766174 -6.678135 1.148050
	0.000000 -7.000000 0.000000
	5
	2.678784 -6.467157 0.000000
	0.000000 -7.000000 0.000000
	2.766174 -6.678135 1.148050
	5
	0.000000 -7.000000 0.000000
	2.678784 -6.467157 0.000000
	0.000000 -7.228361 -1.148050
	5
	2.766174 -6.678135 -1.148050
	0.000000 -7.228361 -1.148050
	2.678784 -6.467157 0.000000
	5
	0.000000 -7.228361 -1.148050
	2.766174 -6.678135 -1.148050
	0.000000 -7.878680 -2.121320
	5
	3.015040 -7.278951 -2.121320
	0.000000 -7.878680 -2.121320
	2.766174 -6.678135 -1.148050
	5
	0.000000 -7.878680 -2.121320
	3.015040 -7.278951 -2.121320
	0.000000 -8.851950 -2.771639
	5
	3.387494 -8.178135 -2.771639
	0.000000 -8.851950 -2.771639
	3.015040 -7.278951 -2.121320
	5
	0.000000 -8.851950 -2.771639
	3.387494 -8.178135 -2.771639
	0.000000 -10.000000 -3.000000
	5
	3.826834 -9.238795 -3.000000
	0.000000 -10.000000 -3.000000
	3.387494 -8.178135 -2.771639
	5
	0.000000 -10.000000 -3.000000
	3.826834 -9.238795 -3.000000
	0.000000 -11.148050 -2.771639
	5
	4.266174 -10.299455 -2.771639
	0.000000 -11.148050 -2.771639
	3.826834 -9.238795 -3.000000
	5
	0.000000 -11.148050 -2.771639
	4.266174 -10.299455 -2.771639
	0.000000 -12.121320 -2.121320
	5
	4.638628 -11.198640 -2.121320
	0.000000 -12.121320 -2.121320
	4.266174 -10.299455 -2.771639
	5
	0.000000 -12.121320 -2.121320
	4.638628 -11.198640 -2.121320
	0.000000 -12.771639 -1.148050
	5
	4.887494 -11.799455 -1.148050
	0.000000 -12.771639 -1.148050
	4.638628 -11.198640 -2.121320
	5
	0.000000 -12.771639 -1.148050
	4.887494 -11.799455 -1.148050
	0.000000 -13.000000 0.000000
	5
	4.974885 -12.010434 0.000000
	0.000000 -13.000000 0.000000
	4.887494 -11.799455 -1.148050
	5
	0.000000 -13.000000 0.000000
	4.974885 -12.010434 0.000000
	0.000000 -12.771639 1.148050
	5
	4.887494 -11.799455 1.148050
	0.000000 -12.771639 1.148050
	4.974885 -12.010434 0.000000
	5
	-4.887494 -11.799455 1.148050
	0.000000 -12.771639 1.148050
	-4.638628 -11.198640 2.121320
	5
	0.000000 -12.121320 2.121320
	-4.638628 -11.198640 2.121320
	0.000000 -12.771639 1.148050
	5
	-4.638628 -11.198640 2.121320
	0.000000 -12.121320 2.121320
	-4.266174 -10.299455 2.771639
	5
	0.000000 -11.148050 2.771639
	-4.266174 -10.299455 2.771639
	0.000000 -12.121320 2.121320
	5
	-4.266174 -10.299455 2.771639
	0.000000 -11.148050 2.771639
	-3.826834 -9.238795 3.000000
	5
	0.000000 -10.000000 3.000000
	-3.826834 -9.238795 3.000000
	0.000000 -11.148050 2.771639
	5
	-3.826834 -9.238795 3.000000
	0.000000 -10.000000 3.000000
	-3.387494 -8.178135 2.771639
	5
	0.000000 -8.851950 2.771639
	-3.387494 -8.178135 2.771639
	0.000000 -10.000000 3.000000
	5
	-3.387494 -8.178135 2.771639
	0.000000 -8.851950 2.771639
	-3.015040 -7.278951 2.121320
	5
	0.000000 -7.878680 2.121320
	-3.015040 -7.278951 2.121320
	0.000000 -8.851950 2.771639
	5
	-3.015040 -7.278951 2.121320
	0.000000 -7.878680 2.121320
	-2.766174 -6.678135 1.148050
	5
	0.000000 -7.228361 1.148050
	-2.766174 -6.678135 1.148050
	0.000000 -7.878680 2.121320
	5
	-2.766174 -6.678135 1.148050
	0.000000 -7.228361 1.148050
	-2.678784 -6.467157 0.000000
	5
	0.000000 -7.000000 0.000000
	-2.678784 -6.467157 0.000000
	0.000000 -7.228361 1.148050
	5
	-2.678784 -6.467157 0.000000
	0.000000 -7.000000 0.000000
	-2.766174 -6.678135 -1.148050
	5
	0.000000 -7.228361 -1.148050
	-2.766174 -6.678135 -1.148050
	0.000000 -7.000000 0.000000
	5
	-2.766174 -6.678135 -1.148050
	0.000000 -7.228361 -1.148050
	-3.015040 -7.278951 -2.121320
	5
	0.000000 -7.878680 -2.121320
	-3.015040 -7.278951 -2.121320
	0.000000 -7.228361 -1.148050
	5
	-3.015040 -7.278951 -2.121320
	0.000000 -7.878680 -2.121320
	-3.387494 -8.178135 -2.771639
	5
	0.000000 -8.851950 -2.771639
	-3.387494 -8.178135 -2.771639
	0.000000 -7.878680 -2.121320
	5
	-3.387494 -8.178135 -2.771639
	0.000000 -8.851950 -2.771639
	-3.826834 -9.238795 -3.000000
	5
	0.000000 -10.000000 -3.000000
	-3.826834 -9.238795 -3.000000
	0.000000 -8.851950 -2.771639
	5
	-3.826834 -9.238795 -3.000000
	0.000000 -10.000000 -3.000000
	-4.266174 -10.299455 -2.771639
	5
	0.000000 -11.148050 -2.771639
	-4.266174 -10.299455 -2.771639
	0.000000 -10.000000 -3.000000
	5
	-4.266174 -10.299455 -2.771639
	0.000000 -11.148050 -2.771639
	-4.638628 -11.198640 -2.121320
	5
	0.000000 -12.121320 -2.121320
	-4.638628 -11.198640 -2.121320
	0.000000 -11.148050 -2.771639
	5
	-4.638628 -11.198640 -2.121320
	0.000000 -12.121320 -2.121320
	-4.887494 -11.799455 -1.148050
	5
	0.000000 -12.771639 -1.148050
	-4.887494 -11.799455 -1.148050
	0.000000 -12.121320 -2.121320
	5
	-4.887494 -11.799455 -1.148050
	0.000000 -12.771639 -1.148050
	-4.974885 -12.010434 0.000000
	5
	0.000000 -13.000000 0.000000
	-4.974885 -12.010434 0.000000
	0.000000 -12.771639 -1.148050
	5
	-4.974885 -12.010434 0.000000
	0.000000 -13.000000 0.000000
	-4.887494 -11.799455 1.148050
	5
	0.000000 -12.771639 1.148050
	-4.887494 -11.799455 1.148050
	0.000000 -13.000000 0.000000
	5
	-9.030912 -9.030912 1.148050
	-4.887494 -11.799455 1.148050
	-8.571068 -8.571068 2.121320
	5
	-4.638628 -11.198640 2.121320
	-8.571068 -8.571068 2.121320
	-4.887494 -11.799455 1.148050
	5
	-8.571068 -8.571068 2.121320
	-4.638628 -11.198640 2.121320
	-7.882862 -7.882862 2.771639
	5
	-4.266174 -10.299455 2.771639
	-7.882862 -7.882862 2.771639
	-4.638628 -11.198640 2.121320
	5
	-7.882862 -7.882862 2.771639
	-4.266174 -10.299455 2.771639
	-7.071068 -7.071068 3.000000
	5
	-3.826834 -9.238795 3.000000
	-7.071068 -7.071068 3.000000
	-4.266174 -10.299455 2.771639
	5
	-7.071068 -7.071068 3.000000
	-3.826834 -9.238795 3.000000
	-6.259274 -6.259274 2.771639
	5
	-3.387494 -8.178135 2.771639
	-6.259274 -6.259274 2.771639
	-3.826834 -9.238795 3.000000
	5
	-6.259274 -6.259274 2.771639
	-3.387494 -8.178135 2.771639
	-5.571068 -5.571068 2.121320
	5
	-3.015040 -7.278951 2.121320
	-5.571068 -5.571068 2.121320
	-3.387494 -8.178135 2.771639
	5
	-5.571068 -5.571068 2.121320
	-3.015040 -7.278951 2.121320
	-5.111223 -5.111223 1.148050
	5
	-2.766174 -6.678135 1.148050
	-5.111223 -5.111223 1.148050
	-3.015040 -7.278951 2.121320
	5
	-5.111223 -5.111223 1.148050
	-2.766174 -6.678135 1.148050
	-4.949747 -4.949747 0.000000
	5
	-2.678784 -6.467157 0.000000
	-4.949747 -4.949747 0.000000
	-2.766174 -6.678135 1.148050
	5
	-4.949747 -4.949747 0.000000
	-2.678784 -6.467157 0.000000
	-5.111223 -5.111223 -1.148050
	5
	-2.766174 -6.678135 -1.148050
	-5.111223 -5.111223 -1.148050
	-2.678784 -6.467157 0.000000
	5
	-5.111223 -5.111223 -1.148050
	-2.766174 -6.678135 -1.148050
	-5.571068 -5.571068 -2.121320
	5
	-3.015040 -7.278951 -2.121320
	-5.571068 -5.571068 -2.121320
	-2.766174 -6.678135 -1.148050
	5
	-5.571068 -5.571068 -2.121320
	-3.015040 -7.278951 -2.121320
	-6.259274 -6.259274 -2.771639
	5
	-3.387494 -8.178135 -2.771639
	-6.259274 -6.259274 -2.771639
	-3.015040 -7.278951 -2.121320
	5
	-6.259274 -6.259274 -2.771639
	-3.387494 -8.178135 -2.771639
	-7.071068 -7.071068 -3.000000
	5
	-3.826834 -9.238795 -3.000000
	-7.071068 -7.071068 -3.000000
	-3.387494 -8.178135 -2.771639
	5
	-7.071068 -7.071068 -3.000000
	-3.826834 -9.238795 -3.000000
	-7.882862 -7.882862 -2.771639
	5
	-4.266174 -10.299455 -2.771639
	-7.882862 -7.882862 -2.771639
	-3.826834 -9.238795 -3.000000
	5
	-7.882862 -7.882862 -2.771639
	-4.266174 -10.299455 -2.771639
	-8.571068 -8.571068 -2.121320
	5
	-4.638628 -11.198640 -2.121320
	-8.571068 -8.571068 -2.121320
	-4.266174 -10.299455 -2.771639
	5
	-8.571068 -8.571068 -2.121320
	-4.638628 -11.198640 -2.121320
	-9.030912 -9.030912 -1.148050
	5
	-4.887494 -11.799455 -1.148050
	-9.030912 -9.030912 -1.148050
	-4.638628 -11.198640 -2.121320
	5
	-9.030912 -9.030912 -1.148050
	-4.887494 -11.799455 -1.148050
	-9.192388 -9.192388 0.000000
	5
	-4.974885 -12.010434 0.000000
	-9.192388 -9.192388 0.000000
	-4.887494 -11.799455 -1.148050
	5
	-9.192388 -9.192388 0.000000
	-4.974885 -12.010434 0.000000
	-9.030912 -9.030912 1.148050
	5
	-4.887494 -11.799455 1.148050
	-9.030912 -9.030912 1.148050
	-4.974885 -12.010434 0.000000
	5
	-11.799455 -4.887494 1.148050
	-9.030912 -9.030912 1.148050
	-11.198640 -4.638628 2.121320
	5
	-8.571068 -8.571068 2.121320
	-11.198640 -4.638628 2.121320
	-9.030912 -9.030912 1.148050
	5
	-11.198640 -4.638628 2.121320
	-8.571068 -8.571068 2.121320
	-10.299455 -4.266174 2.771639
	5
	-7.882862 -7.882862 2.771639
	-10.299455 -4.266174 2.771639
	-8.571068 -8.571068 2.121320
	5
	-10.299455 -4.266174 2.771639
	-7.882862 -7.882862 2.771639
	-9.238795 -3.826834 3.000000
	5
	-7.071068 -7.071068 3.000000
	-9.238795 -3.826834 3.000000
	-7.882862 -7.882862 2.771639
	5
	-9.238795 -3.826834 3.000000
	-7.071068 -7.071068 3.000000
	-8.178135 -3.387494 2.771639
	5
	-6.259274 -6.259274 2.771639
	-8.178135 -3.387494 2.771639
	-7.071068 -7.071068 3.000000
	5
	-8.178135 -3.387494 2.771639
	-6.259274 -6.259274 2.771639
	-7.278951 -3.015040 2.121320
	5
	-5.571068 -5.571068 2.121320
	-7.278951 -3.015040 2.121320
	-6.259274 -6.259274 2.771639
	5
	-7.278951 -3.015040 2.121320
	-5.571068 -5.571068 2.121320
	-6.678135 -2.766174 1.148050
	5
	-5.111223 -5.111223 1.148050
	-6.678135 -2.766174 1.148050
	-5.571068 -5.571068 2.121320
	5
	-6.678135 -2.766174 1.148050
	-5.111223 -5.111223 1.148050
	-6.467157 -2.678784 0.000000
	5
	-4.949747 -4.949747 0.000000
	-6.467157 -2.678784 0.000000
	-5.111223 -5.111223 1.148050
	5
	-6.467157 -2.678784 0.000000
	-4.949747 -4.949747 0.000000
	-6.678135 -2.766174 -1.148050
	5
	-5.111223 -5.111223 -1.148050
	-6.678135 -2.766174 -1.148050
	-4.949747 -4.949747 0.000000
	5
	-6.678135 -2.766174 -1.148050
	-5.111223 -5.111223 -1.148050
	-7.278951 -3.015040 -2.121320
	5
	-5.571068 -5.571068 -2.121320
	-7.278951 -3.015040 -2.121320
	-5.111223 -5.111223 -1.148050
	5
	-7.278951 -3.015040 -2.121320
	-5.571068 -5.571068 -2.121320
	-8.178135 -3.387494 -2.771639
	5
	-6.259274 -6.259274 -2.771639
	-8.178135 -3.387494 -2.771639
	-5.571068 -5.571068 -2.121320
	5
	-8.178135 -3.387494 -2.771639
	-6.259274 -6.259274 -2.771639
	-9.238795 -3.826834 -3.000000
	5
	-7.071068 -7.071068 -3.000000
	-9.238795 -3.826834 -3.000000
	-6.259274 -6.259274 -2.771639
	5
	-9.238795 -3.826834 -3.000000
	-7.071068 -7.071068 -3.000000
	-10.299455 -4.266174 -2.771639
	5
	-7.882862 -7.882862 -2.771639
	-10.299455 -4.266174 -2.771639
	-7.071068 -7.071068 -3.000000
	5
	-10.299455 -4.266174 -2.771639
	-7.882862 -7.882862 -2.771639
	-11.198640 -4.638628 -2.121320
	5
	-8.571068 -8.571068 -2.121320
	-11.198640 -4.638628 -2.121320
	-7.882862 -7.882862 -2.771639
	5
	-11.198640 -4.638628 -2.121320
	-8.571068 -8.571068 -2.121320
	-11.799455 -4.887494 -1.148050
	5
	-9.030912 -9.030912 -1.148050
	-11.799455 -4.887494 -1.148050
	-8.571068 -8.571068 -2.121320
	5
	-11.799455 -4.887494 -1.148050
	-9.030912 -9.030912 -1.148050
	-12.010434 -4.974885 0.000000
	5
	-9.192388 -9.192388 0.000000
	-12.010434 -4.974885 0.000000
	-9.030912 -9.030912 -1.148050
	5
	-12.010434 -4.974885 0.000000
	-9.192388 -9.192388 0.000000
	-11.799455 -4.887494 1.148050
	5
	-9.030912 -9.030912 1.148050
	-11.799455 -4.887494 1.148050
	-9.192388 -9.192388 0.000000
	5
	-12.771639 -0.000000 1.148050
	-11.799455 -4.887494 1.148050
	-12.121320 -0.000000 2.121320
	5
	-11.198640 -4.638628 2.121320
	-12.121320 -0.000000 2.121320
	-11.799455 -4.887494 1.148050
	5
	-12.121320 -0.000000 2.121320
	-11.198640 -4.638628 2.121320
	-11.148050 -0.000000 2.771639
	5
	-10.299455 -4.266174 2.771639
	-11.148050 -0.000000 2.771639
	-11.198640 -4.638628 2.121320
	5
	-11.148050 -0.000000 2.771639
	-10.299455 -4.266174 2.771639
	-10.000000 -0.000000 3.000000
	5
	-9.238795 -3.826834 3.000000
	-10.000000 -0.000000 3.000000
	-10.299455 -4.266174 2.771639
	5
	-10.000000 -0.000000 3.000000
	-9.238795 -3.826834 3.000000
	-8.851950 -0.000000 2.771639
	5
	-8.178135 -3.387494 2.771639
	-8.851950 -0.000000 2.771639
	-9.238795 -3.826834 3.000000
	5
	-8.851950 -0.000000 2.771639
	-8.178135 -3.387494 2.771639
	-7.878680 -0.000000 2.121320
	5
	-7.278951 -3.015040 2.121320
	-7.878680 -0.000000 2.121320
	-8.178135 -3.387494 2.771639
	5
	-7.878680 -0.000000 2.121320
	-7.278951 -3.015040 2.121320
	-7.228361 -0.000000 1.148050
	5
	-6.678135 -2.766174 1.148050
	-7.228361 -0.000000 1.148050
	-7.278951 -3.015040 2.121320
	5
	-7.228361 -0.000000 1.148050
	-6.678135 -2.766174 1.148050
	-7.000000 -0.000000 0.000000
	5
	-6.467157 -2.678784 0.000000
	-7.000000 -0.000000 0.000000
	-6.678135 -2.766174 1.148050
	5
	-7.000000 -0.000000 0.000000
	-6.467157 -2.678784 0.000000
	-7.228361 -0.000000 -1.148050
	5
	-6.678135 -2.766174 -1.148050
	-7.228361 -0.000000 -1.148050
	-6.467157 -2.678784 0.000000
	5
	-7.228361 -0.000000 -1.148050
	-6.678135 -2.766174 -1.148050
	-7.878680 -0.000000 -2.121320
	5
	-7.278951 -3.015040 -2.121320
	-7.878680 -0.000000 -2.121320
	-6.678135 -2.766174 -1.148050
	5
	-7.878680 -0.000000 -2.121320
	-7.278951 -3.015040 -2.121320
	-8.851950 -0.000000 -2.771639
	5
	-8.178135 -3.387494 -2.771639
	-8.851950 -0.000000 -2.771639
	-7.278951 -3.015040 -2.121320
	5
	-8.851950 -0.000000 -2.771639
	-8.178135 -3.387494 -2.771639
	-10.000000 -0.000000 -3.000000
	5
	-9.238795 -3.826834 -3.000000
	-10.000000 -0.000000 -3.000000
	-8.178135 -3.387494 -2.771639
	5
	-10.000000 -0.000000 -3.000000
	-9.238795 -3.826834 -3.000000
	-11.148050 -0.000000 -2.771639
	5
	-10.299455 -4.266174 -2.771639
	-11.148050 -0.000000 -2.771639
	-9.238795 -3.826834 -3.000000
	5
	-11.148050 -0.000000 -2.771639
	-10.299455 -4.266174 -2.771639
	-12.121320 -0.000000 -2.121320
	5
	-11.198640 -4.638628 -2.121320
	-12.121320 -0.000000 -2.121320
	-10.299455 -4.266174 -2.771639
	5
	-12.121320 -0.000000 -2.121320
	-11.198640 -4.638628 -2.121320
	-12.771639 -0.000000 -1.148050
	5
	-11.799455 -4.887494 -1.148050
	-12.771639 -0.000000 -1.148050
	-11.198640 -4.638628 -2.121320
	5
	-12.771639 -0.000000 -1.148050
	-11.799455 -4.887494 -1.148050
	-13.000000 -0.000000 0.000000
	5
	-12.010434 -4.974885 0.000000
	-13.000000 -0.000000 0.000000
	-11.799455 -4.887494 -1.148050
	5
	-13.000000 -0.000000 0.000000
	-12.010434 -4.974885 0.000000
	-12.771639 -0.000000 1.148050
	5
	-11.799455 -4.887494 1.148050
	-12.771639 -0.000000 1.148050
	-12.010434 -4.974885 0.000000
	5
	-11.799455 4.887494 1.148050
	-12.771639 -0.000000 1.148050
	-11.198640 4.638628 2.121320
	5
	-12.121320 -0.000000 2.121320
	-11.198640 4.638628 2.121320
	-12.771639 -0.000000 1.148050
	5
	-11.198640 4.638628 2.121320
	-12.121320 -0.000000 2.121320
	-10.299455 4.266174 2.771639
	5
	-11.148050 -0.000000 2.771639
	-10.299455 4.266174 2.771639
	-12.121320 -0.000000 2.121320
	5
	-10.299455 4.266174 2.771639
	-11.148050 -0.000000 2.771639
	-9.238795 3.826834 3.000000
	5
	-10.000000 -0.000000 3.000000
	-9.238795 3.826834 3.000000
	-11.148050 -0.000000 2.771639
	5
	-9.238795 3.826834 3.000000
	-10.000000 -0.000000 3.000000
	-8.178135 3.387494 2.771639
	5
	-8.851950 -0.000000 2.771639
	-8.178135 3.387494 2.771639
	-10.000000 -0.000000 3.000000
	5
	-8.178135 3.387494 2.771639
	-8.851950 -0.000000 2.771639
	-7.278951 3.015040 2.121320
	5
	-7.878680 -0.000000 2.121320
	-7.278951 3.015040 2.121320
	-8.851950 -0.000000 2.771639
	5
	-7.278951 3.015040 2.121320
	-7.878680 -0.000000 2.121320
	-6.678135 2.766174 1.148050
	5
	-7.228361 -0.000000 1.148050
	-6.678135 2.766174 1.148050
	-7.878680 -0.000000 2.121320
	5
	-6.678135 2.766174 1.148050
	-7.228361 -0.000000 1.148050
	-6.467157 2.678784 0.000000
	5
	-7.000000 -0.000000 0.000000
	-6.467157 2.678784 0.000000
	-7.228361 -0.000000 1.148050
	5
	-6.467157 2.678784 0.000000
	-7.000000 -0.000000 0.000000
	-6.678135 2.766174 -1.148050
	5
	-7.228361 -0.000000 -1.148050
	-6.678135 2.766174 -1.148050
	-7.000000 -0.000000 0.000000
	5
	-6.678135 2.766174 -1.148050
	-7.228361 -0.000000 -1.148050
	-7.278951 3.015040 -2.121320
	5
	-7.878680 -0.000000 -2.121320
	-7.278951 3.015040 -2.121320
	-7.228361 -0.000000 -1.148050
	5
	-7.278951 3.015040 -2.121320
	-7.878680 -0.000000 -2.121320
	-8.178135 3.387494 -2.771639
	5
	-8.851950 -0.000000 -2.771639
	-8.178135 3.387494 -2.771639
	-7.878680 -0.000000 -2.121320
	5
	-8.178135 3.387494 -2.771639
	-8.851950 -0.000000 -2.771639
	-9.238795 3.826834 -3.000000
	5
	-10.000000 -0.000000 -3.000000
	-9.238795 3.826834 -3.000000
	-8.851950 -0.000000 -2.771639
	5
	-9.238795 3.826834 -3.000000
	-10.000000 -0.000000 -3.000000
	-10.299455 4.266174 -2.771639
	5
	-11.148050 -0.000000 -2.771639
	-10.299455 4.266174 -2.771639
	-10.000000 -0.000000 -3.000000
	5
	-10.299455 4.266174 -2.771639
	-11.148050 -0.000000 -2.771639
	-11.198640 4.638628 -2.121320
	5
	-12.121320 -0.000000 -2.121320
	-11.198640 4.638628 -2.121320
	-11.148050 -0.000000 -2.771639
	5
	-11.198640 4.638628 -2.121320
	-12.121320 -0.000000 -2.121320
	-11.799455 4.887494 -1.148050
	5
	-12.771639 -0.000000 -1.148050
	-11.799455 4.887494 -1.148050
	-12.121320 -0.000000 -2.121320
	5
	-11.799455 4.887494 -1.148050
	-12.771639 -0.000000 -1.148050
	-12.010434 4.974885 0.000000
	5
	-13.000000 -0.000000 0.000000
	-12.010434 4.974885 0.000000
	-12.771639 -0.000000 -1.148050
	5
	-12.010434 4.974885 0.000000
	-13.000000 -0.000000 0.000000
	-11.799455 4.887494 1.148050
	5
	-12.771639 -0.000000 1.148050
	-11.799455 4.887494 1.148050
	-13.000000 -0.000000 0.000000
	5
	-9.030912 9.030912 1.148050
	-11.799455 4.887494 1.148050
	-8.571068 8.571068 2.121320
	5
	-11.198640 4.638628 2.121320
	-8.571068 8.571068 2.121320
	-11.799455 4.887494 1.148050
	5
	-8.571068 8.571068 2.121320
	-11.198640 4.638628 2.121320
	-7.882862 7.882862 2.771639
	5
	-10.299455 4.266174 2.771639
	-7.882862 7.882862 2.771639
	-11.198640 4.638628 2.121320
	5
	-7.882862 7.882862 2.771639
	-10.299455 4.266174 2.771639
	-7.071068 7.071068 3.000000
	5
	-9.238795 3.826834 3.000000
	-7.071068 7.071068 3.000000
	-10.299455 4.266174 2.771639
	5
	-7.071068 7.071068 3.000000
	-9.238795 3.826834 3.000000
	-6.259274 6.259274 2.771639
	5
	-8.178135 3.387494 2.771639
	-6.259274 6.259274 2.771639
	-9.238795 3.826834 3.000000
	5
	-6.259274 6.259274 2.771639
	-8.178135 3.387494 2.771639
	-5.571068 5.571068 2.121320
	5
	-7.278951 3.015040 2.121320
	-5.571068 5.571068 2.121320
	-8.178135 3.387494 2.771639
	5
	-5.571068 5.571068 2.121320
	-7.278951 3.015040 2.121320
	-5.111223 5.111223 1.148050
	5
	-6.678135 2.766174 1.148050
	-5.111223 5.111223 1.148050
	-7.278951 3.015040 2.121320
	5
	-5.111223 5.111223 1.148050
	-6.678135 2.766174 1.148050
	-4.949747 4.949747 0.000000
	5
	-6.467157 2.678784 0.000000
	-4.949747 4.949747 0.000000
	-6.678135 2.766174 1.148050
	5
	-4.949747 4.949747 0.000000
	-6.467157 2.678784 0.000000
	-5.111223 5.111223 -1.148050
	5
	-6.678135 2.766174 -1.148050
	-5.111223 5.111223 -1.148050
	-6.467157 2.678784 0.000000
	5
	-5.111223 5.111223 -1.148050
	-6.678135 2.766174 -1.148050
	-5.571068 5.571068 -2.121320
	5
	-7.278951 3.015040 -2.121320
	-5.571068 5.571068 -2.121320
	-6.678135 2.766174 -1.148050
	5
	-5.571068 5.571068 -2.121320
	-7.278951 3.015040 -2.121320
	-6.259274 6.259274 -2.771639
	5
	-8.178135 3.387494 -2.771639
	-6.259274 6.259274 -2.771639
	-7.278951 3.015040 -2.121320
	5
	-6.259274 6.259274 -2.771639
	-8.178135 3.387494 -2.771639
	-7.071068 7.071068 -3.000000
	5
	-9.238795 3.826834 -3.000000
	-7.071068 7.071068 -3.000000
	-8.178135 3.387494 -2.771639
	5
	-7.071068 7.071068 -3.000000
	-9.238795 3.826834 -3.000000
	-7.882862 7.882862 -2.771639
	5
	-10.299455 4.266174 -2.771639
	-7.882862 7.882862 -2.771639
	-9.238795 3.826834 -3.000000
	5
	-7.882862 7.882862 -2.771639
	-10.299455 4.266174 -2.771639
	-8.571068 8.571068 -2.121320
	5
	-11.198640 4.638628 -2.121320
	-8.571068 8.571068 -2.121320
	-10.299455 4.266174 -2.771639
	5
	-8.571068 8.571068 -2.121320
	-11.198640 4.638628 -2.121320
	-9.030912 9.030912 -1.148050
	5
	-11.799455 4.887494 -1.148050
	-9.030912 9.030912 -1.148050
	-11.198640 4.638628 -2.121320
	5
	-9.030912 9.030912 -1.148050
	-11.799455 4.887494 -1.148050
	-9.192388 9.192388 0.000000
	5
	-12.010434 4.974885 0.000000
	-9.192388 9.192388 0.000000
	-11.799455 4.887494 -1.148050
	5
	-9.192388 9.192388 0.000000
	-12.010434 4.974885 0.000000
	-9.030912 9.030912 1.148050
	5
	-11.799455 4.887494 1.148050
	-9.030912 9.030912 1.148050
	-12.010434 4.974885 0.000000
	5
	-4.887494 11.799455 1.148050
	-9.030912 9.030912 1.148050
	-4.638628 11.198640 2.121320
	5
	-8.571068 8.571068 2.121320
	-4.638628 11.198640 2.121320
	-9.030912 9.030912 1.148050
	5
	-4.638628 11.198640 2.121320
	-8.571068 8.571068 2.121320
	-4.266174 10.299455 2.771639
	5
	-7.882862 7.882862 2.771639
	-4.266174 10.299455 2.771639
	-8.571068 8.571068 2.121320
	5
	-4.266174 10.299455 2.771639
	-7.882862 7.882862 2.771639
	-3.826834 9.238795 3.000000
	5
	-7.071068 7.071068 3.000000
	-3.826834 9.238795 3.000000
	-7.882862 7.882862 2.771639
	5
	-3.826834 9.238795 3.000000
	-7.071068 7.071068 3.000000
	-3.387494 8.178135 2.771639
	5
	-6.259274 6.259274 2.771639
	-3.387494 8.178135 2.771639
	-7.071068 7.071068 3.000000
	5
	-3.387494 8.178135 2.771639
	-6.259274 6.259274 2.771639
	-3.015040 7.278951 2.121320
	5
	-5.571068 5.571068 2.121320
	-3.015040 7.278951 2.121320
	-6.259274 6.259274 2.771639
	5
	-3.015040 7.278951 2.121320
	-5.571068 5.571068 2.121320
	-2.766174 6.678135 1.148050
	5
	-5.111223 5.111223 1.148050
	-2.766174 6.678135 1.148050
	-5.571068 5.571068 2.121320
	5
	-2.766174 6.678135 1.148050
	-5.111223 5.111223 1.148050
	-2.678784 6.467157 0.000000
	5
	-4.949747 4.949747 0.000000
	-2.678784 6.467157 0.000000
	-5.111223 5.111223 1.148050
	5
	-2.678784 6.467157 0.000000
	-4.949747 4.949747 0.000000
	-2.766174 6.678135 -1.148050
	5
	-5.111223 5.111223 -1.148050
	-2.766174 6.678135 -1.148050
	-4.949747 4.949747 0.000000
	5
	-2.766174 6.678135 -1.148050
	-5.111223 5.111223 -1.148050
	-3.015040 7.278951 -2.121320
	5
	-5.571068 5.571068 -2.121320
	-3.015040 7.278951 -2.121320
	-5.111223 5.111223 -1.148050
	5
	-3.015040 7.278951 -2.121320
	-5.571068 5.571068 -2.121320
	-3.387494 8.178135 -2.771639
	5
	-6.259274 6.259274 -2.771639
	-3.387494 8.178135 -2.771639
	-5.571068 5.571068 -2.121320
	5
	-3.387494 8.178135 -2.771639
	-6.259274 6.259274 -2.771639
	-3.826834 9.238795 -3.000000
	5
	-7.071068 7.071068 -3.000000
	-3.826834 9.238795 -3.000000
	-6.259274 6.259274 -2.771639
	5
	-3.826834 9.238795 -3.000000
	-7.071068 7.071068 -3.000000
	-4.266174 10.299455 -2.771639
	5
	-7.882862 7.882862 -2.771639
	-4.266174 10.299455 -2.771639
	-7.071068 7.071068 -3.000000
	5
	-4.266174 10.299455 -2.771639
	-7.882862 7.882862 -2.771639
	-4.638628 11.198640 -2.121320
	5
	-8.571068 8.571068 -2.121320
	-4.638628 11.198640 -2.121320
	-7.882862 7.882862 -2.771639
	5
	-4.638628 11.198640 -2.121320
	-8.571068 8.571068 -2.121320
	-4.887494 11.799455 -1.148050
	5
	-9.030912 9.030912 -1.148050
	-4.887494 11.799455 -1.148050
	-8.571068 8.571068 -2.121320
	5
	-4.887494 11.799455 -1.148050
	-9.030912 9.030912 -1.148050
	-4.974885 12.010434 0.000000
	5
	-9.192388 9.192388 0.000000
	-4.974885 12.010434 0.000000
	-9.030912 9.030912 -1.148050
	5
	-4.974885 12.010434 0.000000
	-9.192388 9.192388 0.000000
	-4.887494 11.799455 1.148050
	5
	-9.030912 9.030912 1.148050
	-4.887494 11.799455 1.148050
	-9.192388 9.192388 0.000000
	5
	-0.000000 12.771639 1.148050
	-4.887494 11.799455 1.148050
	-0.000000 12.121320 2.121320
	5
	-4.638628 11.198640 2.121320
	-0.000000 12.121320 2.121320
	-4.887494 11.799455 1.148050
	5
	-0.000000 12.121320 2.121320
	-4.638628 11.198640 2.121320
	-0.000000 11.148050 2.771639
	5
	-4.266174 10.299455 2.771639
	-0.000000 11.148050 2.771639
	-4.638628 11.198640 2.121320
	5
	-0.000000 11.148050 2.771639
	-4.266174 10.299455 2.771639
	-0.000000 10.000000 3.000000
	5
	-3.826834 9.238795 3.000000
	-0.000000 10.000000 3.000000
	-4.266174 10.299455 2.771639
	5
	-0.000000 10.000000 3.000000
	-3.826834 9.238795 3.000000
	-0.000000 8.851950 2.771639
	5
	-3.387494 8.178135 2.771639
	-0.000000 8.851950 2.771639
	-3.826834 9.238795 3.000000
	5
	-0.000000 8.851950 2.771639
	-3.387494 8.178135 2.771639
	-0.000000 7.878680 2.121320
	5
	-3.015040 7.278951 2.121320
	-0.000000 7.878680 2.121320
	-3.387494 8.178135 2.771639
	5
	-0.000000 7.878680 2.121320
	-3.015040 7.278951 2.121320
	-0.000000 7.228361 1.148050
	5
	-2.766174 6.678135 1.148050
	-0.000000 7.228361 1.148050
	-3.015040 7.278951 2.121320
	5
	-0.000000 7.228361 1.148050
	-2.766174 6.678135 1.148050
	-0.000000 7.000000 0.000000
	5
	-2.678784 6.467157 0.000000
	-0.000000 7.000000 0.000000
	-2.766174 6.678135 1.148050
	5
	-0.000000 7.000000 0.000000
	-2.678784 6.467157 0.000000
	-0.000000 7.228361 -1.148050
	5
	-2.766174 6.678135 -1.148050
	-0.000000 7.228361 -1.148050
	-2.678784 6.467157 0.000000
	5
	-0.000000 7.228361 -1.148050
	-2.766174 6.678135 -1.148050
	-0.000000 7.878680 -2.121320
	5
	-3.015040 7.278951 -2.121320
	-0.000000 7.878680 -2.121320
	-2.766174 6.678135 -1.148050
	5
	-0.000000 7.878680 -2.121320
	-3.015040 7.278951 -2.121320
	-0.000000 8.851950 -2.771639
	5
	-3.387494 8.178135 -2.771639
	-0.000000 8.851950 -2.771639
	-3.015040 7.278951 -2.121320
	5
	-0.000000 8.851950 -2.771639
	-3.387494 8.178135 -2.771639
	-0.000000 10.000000 -3.000000
	5
	-3.826834 9.238795 -3.000000
	-0.000000 10.000000 -3.000000
	-3.387494 8.178135 -2.771639
	5
	-0.000000 10.000000 -3.000000
	-3.826834 9.238795 -3.000000
	-0.000000 11.148050 -2.771639
	5
	-4.266174 10.299455 -2.771639
	-0.000000 11.148050 -2.771639
	-3.826834 9.238795 -3.000000
	5
	-0.000000 11.148050 -2.771639
	-4.266174 10.299455 -2.771639
	-0.000000 12.121320 -2.121320
	5
	-4.638628 11.198640 -2.121320
	-0.000000 12.121320 -2.121320
	-4.266174 10.299455 -2.771639
	5
	-0.000000 12.121320 -2.121320
	-4.638628 11.198640 -2.121320
	-0.000000 12.771639 -1.148050
	5
	-4.887494 11.799455 -1.148050
	-0.000000 12.771639 -1.148050
	-4.638628 11.198640 -2.121320
	5
	-0.000000 12.771639 -1.148050
	-4.887494 11.799455 -1.148050
	-0.000000 13.000000 0.000000
	5
	-4.974885 12.010434 0.000000
	-0.000000 13.000000 0.000000
	-4.887494 11.799455 -1.148050
	5
	-0.000000 13.000000 0.000000
	-4.974885 12.010434 0.000000
	-0.000000 12.771639 1.148050
	5
	-4.887494 11.799455 1.148050
	-0.000000 12.771639 1.148050
	-4.974885 12.010434 0.000000
	5
	4.887494 11.799455 1.148050
	-0.000000 12.771639 1.148050
	4.638628 11.198640 2.121320
	5
	-0.000000 12.121320 2.121320
	4.638628 11.198640 2.121320
	-0.000000 12.771639 1.148050
	5
	4.638628 11.198640 2.121320
	-0.000000 12.121320 2.121320
	4.266174 10.299455 2.771639
	5
	-0.000000 11.148050 2.771639
	4.266174 10.299455 2.771639
	-0.000000 12.121320 2.121320
	5
	4.266174 10.299455 2.771639
	-0.000000 11.148050 2.771639
	3.826834 9.238795 3.000000
	5
	-0.000000 10.000000 3.000000
	3.826834 9.238795 3.000000
	-0.000000 11.148050 2.771639
	5
	3.826834 9.238795 3.000000
	-0.000000 10.000000 3.000000
	3.387494 8.178135 2.771639
	5
	-0.000000 8.851950 2.771639
	3.387494 8.178135 2.771639
	-0.000000 10.000000 3.000000
	5
	3.387494 8.178135 2.771639
	-0.000000 8.851950 2.771639
	3.015040 7.278951 2.121320
	5
	-0.000000 7.878680 2.121320
	3.015040 7.278951 2.121320
	-0.000000 8.851950 2.771639
	5
	3.015040 7.278951 2.121320
	-0.000000 7.878680 2.121320
	2.766174 6.678135 1.148050
	5
	-0.000000 7.228361 1.148050
	2.766174 6.678135 1.148050
	-0.000000 7.878680 2.121320
	5
	2.766174 6.678135 1.148050
	-0.000000 7.228361 1.148050
	2.678784 6.467157 0.000000
	5
	-0.000000 7.000000 0.000000
	2.678784 6.467157 0.000000
	-0.000000 7.228361 1.148050
	5
	2.678784 6.467157 0.000000
	-0.000000 7.000000 0.000000
	2.766174 6.678135 -1.148050
	5
	-0.000000 7.228361 -1.148050
	2.766174 6.678135 -1.148050
	-0.000000 7.000000 0.000000
	5
	2.766174 6.678135 -1.148050
	-0.000000 7.228361 -1.148050
	3.015040 7.278951 -2.121320
	5
	-0.000000 7.878680 -2.121320
	3.015040 7.278951 -2.121320
	-0.000000 7.228361 -1.148050
	5
	3.015040 7.278951 -2.121320
	-0.000000 7.878680 -2.121320
	3.387494 8.178135 -2.771639
	5
	-0.000000 8.851950 -2.771639
	3.387494 8.178135 -2.771639
	-0.000000 7.878680 -2.121320
	5
	3.387494 8.178135 -2.771639
	-0.000000 8.851950 -2.771639
	3.826834 9.238795 -3.000000
	5
	-0.000000 10.000000 -3.000000
	3.826834 9.238795 -3.000000
	-0.000000 8.851950 -2.771639
	5
	3.826834 9.238795 -3.000000
	-0.000000 10.000000 -3.000000
	4.266174 10.299455 -2.771639
	5
	-0.000000 11.148050 -2.771639
	4.266174 10.299455 -2.771639
	-0.000000 10.000000 -3.000000
	5
	4.266174 10.299455 -2.771639
	-0.000000 11.148050 -2.771639
	4.638628 11.198640 -2.121320
	5
	-0.000000 12.121320 -2.121320
	4.638628 11.198640 -2.121320
	-0.000000 11.148050 -2.771639
	5
	4.638628 11.198640 -2.121320
	-0.000000 12.121320 -2.121320
	4.887494 11.799455 -1.148050
	5
	-0.000000 12.771639 -1.148050
	4.887494 11.799455 -1.148050
	-0.000000 12.121320 -2.121320
	5
	4.887494 11.799455 -1.148050
	-0.000000 12.771639 -1.148050
	4.974885 12.010434 0.000000
	5
	-0.000000 13.000000 0.000000
	4.974885 12.010434 0.000000
	-0.000000 12.771639 -1.148050
	5
	4.974885 12.010434 0.000000
	-0.000000 13.000000 0.000000
	4.887494 11.799455 1.148050
	5
	-0.000000 12.771639 1.148050
	4.887494 11.799455 1.148050
	-0.000000 13.000000 0.000000
	5
	9.030912 9.030912 1.148050
	4.887494 11.799455 1.148050
	8.571068 8.571068 2.121320
	5
	4.638628 11.198640 2.121320
	8.571068 8.571068 2.121320
	4.887494 11.799455 1.148050
	5
	8.571068 8.571068 2.121320
	4.638628 11.198640 2.121320
	7.882862 7.882862 2.771639
	5
	4.266174 10.299455 2.771639
	7.882862 7.882862 2.771639
	4.638628 11.198640 2.121320
	5
	7.882862 7.882862 2.771639
	4.266174 10.299455 2.771639
	7.071068 7.071068 3.000000
	5
	3.826834 9.238795 3.000000
	7.071068 7.071068 3.000000
	4.266174 10.299455 2.771639
	5
	7.071068 7.071068 3.000000
	3.826834 9.238795 3.000000
	6.259274 6.259274 2.771639
	5
	3.387494 8.178135 2.771639
	6.259274 6.259274 2.771639
	3.826834 9.238795 3.000000
	5
	6.259274 6.259274 2.771639
	3.387494 8.178135 2.771639
	5.571068 5.571068 2.121320
	5
	3.015040 7.278951 2.121320
	5.571068 5.571068 2.121320
	3.387494 8.178135 2.771639
	5
	5.571068 5.571068 2.121320
	3.015040 7.278951 2.121320
	5.111223 5.111223 1.148050
	5
	2.766174 6.678135 1.148050
	5.111223 5.111223 1.148050
	3.015040 7.278951 2.121320
	5
	5.111223 5.111223 1.148050
	2.766174 6.678135 1.148050
	4.949747 4.949747 0.000000
	5
	2.678784 6.467157 0.000000
	4.949747 4.949747 0.000000
	2.766174 6.678135 1.148050
	5
	4.949747 4.949747 0.000000
	2.678784 6.467157 0.000000
	5.111223 5.111223 -1.148050
	5
	2.766174 6.678135 -1.148050
	5.111223 5.111223 -1.148050
	2.678784 6.467157 0.000000
	5
	5.111223 5.111223 -1.148050
	2.766174 6.678135 -1.148050
	5.571068 5.571068 -2.121320
	5
	3.015040 7.278951 -2.121320
	5.571068 5.571068 -2.121320
	2.766174 6.678135 -1.148050
	5
	5.571068 5.571068 -2.121320
	3.015040 7.278951 -2.121320
	6.259274 6.259274 -2.771639
	5
	3.387494 8.178135 -2.771639
	6.259274 6.259274 -2.771639
	3.015040 7.278951 -2.121320
	5
	6.259274 6.259274 -2.771639
	3.387494 8.178135 -2.771639
	7.071068 7.071068 -3.000000
	5
	3.826834 9.238795 -3.000000
	7.071068 7.071068 -3.000000
	3.387494 8.178135 -2.771639
	5
	7.071068 7.071068 -3.000000
	3.826834 9.238795 -3.000000
	7.882862 7.882862 -2.771639
	5
	4.266174 10.299455 -2.771639
	7.882862 7.882862 -2.771639
	3.826834 9.238795 -3.000000
	5
	7.882862 7.882862 -2.771639
	4.266174 10.299455 -2.771639
	8.571068 8.571068 -2.121320
	5
	4.638628 11.198640 -2.121320
	8.571068 8.571068 -2.121320
	4.266174 10.299455 -2.771639
	5
	8.571068 8.571068 -2.121320
	4.638628 11.198640 -2.121320
	9.030912 9.030912 -1.148050
	5
	4.887494 11.799455 -1.148050
	9.030912 9.030912 -1.148050
	4.638628 11.198640 -2.121320
	5
	9.030912 9.030912 -1.148050
	4.887494 11.799455 -1.148050
	9.192388 9.192388 0.000000
	5
	4.974885 12.010434 0.000000
	9.192388 9.192388 0.000000
	4.887494 11.799455 -1.148050
	5
	9.192388 9.192388 0.000000
	4.974885 12.010434 0.000000
	9.030912 9.030912 1.148050
	5
	4.887494 11.799455 1.148050
	9.030912 9.030912 1.148050
	4.974885 12.010434 0.000000
	5
	11.799455 4.887494 1.148050
	9.030912 9.030912 1.148050
	11.198640 4.638628 2.121320
	5
	8.571068 8.571068 2.121320
	11.198640 4.638628 2.121320
	9.030912 9.030912 1.148050
	5
	11.198640 4.638628 2.121320
	8.571068 8.571068 2.121320
	10.299455 4.266174 2.771639
	5
	7.882862 7.882862 2.771639
	10.299455 4.266174 2.771639
	8.571068 8.571068 2.121320
	5
	10.299455 4.266174 2.771639
	7.882862 7.882862 2.771639
	9.238795 3.826834 3.000000
	5
	7.071068 7.071068 3.000000
	9.238795 3.826834 3.000000
	7.882862 7.882862 2.771639
	5
	9.238795 3.826834 3.000000
	7.071068 7.071068 3.000000
	8.178135 3.387494 2.771639
	5
	6.259274 6.259274 2.771639
	8.178135 3.387494 2.771639
	7.071068 7.071068 3.000000
	5
	8.178135 3.387494 2.771639
	6.259274 6.259274 2.771639
	7.278951 3.015040 2.121320
	5
	5.571068 5.571068 2.121320
	7.278951 3.015040 2.121320
	6.259274 6.259274 2.771639
	5
	7.278951 3.015040 2.121320
	5.571068 5.571068 2.121320
	6.678135 2.766174 1.148050
	5
	5.111223 5.111223 1.148050
	6.678135 2.766174 1.148050
	5.571068 5.571068 2.121320
	5
	6.678135 2.766174 1.148050
	5.111223 5.111223 1.148050
	6.467157 2.678784 0.000000
	5
	4.949747 4.949747 0.000000
	6.467157 2.678784 0.000000
	5.111223 5.111223 1.148050
	5
	6.467157 2.678784 0.000000
	4.949747 4.949747 0.000000
	6.678135 2.766174 -1.148050
	5
	5.111223 5.111223 -1.148050
	6.678135 2.766174 -1.148050
	4.949747 4.949747 0.000000
	5
	6.678135 2.766174 -1.148050
	5.111223 5.111223 -1.148050
	7.278951 3.015040 -2.121320
	5
	5.571068 5.571068 -2.121320
	7.278951 3.015040 -2.121320
	5.111223 5.111223 -1.148050
	5
	7.278951 3.015040 -2.121320
	5.571068 5.571068 -2.121320
	8.178135 3.387494 -2.771639
	5
	6.259274 6.259274 -2.771639
	8.178135 3.387494 -2.771639
	5.571068 5.571068 -2.121320
	5
	8.178135 3.387494 -2.771639
	6.259274 6.259274 -2.771639
	9.238795 3.826834 -3.000000
	5
	7.071068 7.071068 -3.000000
	9.238795 3.826834 -3.000000
	6.259274 6.259274 -2.771639
	5
	9.238795 3.826834 -3.000000
	7.071068 7.071068 -3.000000
	10.299455 4.266174 -2.771639
	5
	7.882862 7.882862 -2.771639
	10.299455 4.266174 -2.771639
	7.071068 7.071068 -3.000000
	5
	10.299455 4.266174 -2.771639
	7.882862 7.882862 -2.771639
	11.198640 4.638628 -2.121320
	5
	8.571068 8.571068 -2.121320
	11.198640 4.638628 -2.121320
	7.882862 7.882862 -2.771639
	5
	11.198640 4.638628 -2.121320
	8.571068 8.571068 -2.121320
	11.799455 4.887494 -1.148050
	5
	9.030912 9.030912 -1.148050
	11.799455 4.887494 -1.148050
	8.571068 8.571068 -2.121320
	5
	11.799455 4.887494 -1.148050
	9.030912 9.030912 -1.148050
	12.010434 4.974885 0.000000
	5
	9.192388 9.192388 0.000000
	12.010434 4.974885 0.000000
	9.030912 9.030912 -1.148050
	5
	12.010434 4.974885 0.000000
	9.192388 9.192388 0.000000
	11.799455 4.887494 1.148050
	5
	9.030912 9.030912 1.148050
	11.799455 4.887494 1.148050
	9.192388 9.192388 0.000000
	5
	12.771639 -0.000000 1.148050
	11.799455 4.887494 1.148050
	12.121320 -0.000000 2.121320
	5
	11.198640 4.638628 2.121320
	12.121320 -0.000000 2.121320
	11.799455 4.887494 1.148050
	5
	12.121320 -0.000000 2.121320
	11.198640 4.638628 2.121320
	11.148050 -0.000000 2.771639
	5
	10.299455 4.266174 2.771639
	11.148050 -0.000000 2.771639
	11.198640 4.638628 2.121320
	5
	11.148050 -0.000000 2.771639
	10.299455 4.266174 2.771639
	10.000000 -0.000000 3.000000
	5
	9.238795 3.826834 3.000000
	10.000000 -0.000000 3.000000
	10.299455 4.266174 2.771639
	5
	10.000000 -0.000000 3.000000
	9.238795 3.826834 3.000000
	8.851950 -0.000000 2.771639
	5
	8.178135 3.387494 2.771639
	8.851950 -0.000000 2.771639
	9.238795 3.826834 3.000000
	5
	8.851950 -0.000000 2.771639
	8.178135 3.387494 2.771639
	7.878680 -0.000000 2.121320
	5
	7.278951 3.015040 2.121320
	7.878680 -0.000000 2.121320
	8.178135 3.387494 2.771639
	5
	7.878680 -0.000000 2.121320
	7.278951 3.015040 2.121320
	7.228361 -0.000000 1.148050
	5
	6.678135 2.766174 1.148050
	7.228361 -0.000000 1.148050
	7.278951 3.015040 2.121320
	5
	7.228361 -0.000000 1.148050
	6.678135 2.766174 1.148050
	7.000000 -0.000000 0.000000
	5
	6.467157 2.678784 0.000000
	7.000000 -0.000000 0.000000
	6.678135 2.766174 1.148050
	5
	7.000000 -0.000000 0.000000
	6.467157 2.678784 0.000000
	7.228361 -0.000000 -1.148050
	5
	6.678135 2.766174 -1.148050
	7.228361 -0.000000 -1.148050
	6.467157 2.678784 0.000000
	5
	7.228361 -0.000000 -1.148050
	6.678135 2.766174 -1.148050
	7.878680 -0.000000 -2.121320
	5
	7.278951 3.015040 -2.121320
	7.878680 -0.000000 -2.121320
	6.678135 2.766174 -1.148050
	5
	7.878680 -0.000000 -2.121320
	7.278951 3.015040 -2.121320
	8.851950 -0.000000 -2.771639
	5
	8.178135 3.387494 -2.771639
	8.851950 -0.000000 -2.771639
	7.278951 3.015040 -2.121320
	5
	8.851950 -0.000000 -2.771639
	8.178135 3.387494 -2.771639
	10.000000 -0.000000 -3.000000
	5
	9.238795 3.826834 -3.000000
	10.000000 -0.000000 -3.000000
	8.178135 3.387494 -2.771639
	5
	10.000000 -0.000000 -3.000000
	9.238795 3.826834 -3.000000
	11.148050 -0.000000 -2.771639
	5
	10.299455 4.266174 -2.771639
	11.148050 -0.000000 -2.771639
	9.238795 3.826834 -3.000000
	5
	11.148050 -0.000000 -2.771639
	10.299455 4.266174 -2.771639
	12.121320 -0.000000 -2.121320
	5
	11.198640 4.638628 -2.121320
	12.121320 -0.000000 -2.121320
	10.299455 4.266174 -2.771639
	5
	12.121320 -0.000000 -2.121320
	11.198640 4.638628 -2.121320
	12.771639 -0.000000 -1.148050
	5
	11.799455 4.887494 -1.148050
	12.771639 -0.000000 -1.148050
	11.198640 4.638628 -2.121320
	5
	12.771639 -0.000000 -1.148050
	11.799455 4.887494 -1.148050
	13.000000 -0.000000 0.000000
	5
	12.010434 4.974885 0.000000
	13.000000 -0.000000 0.000000
	11.799455 4.887494 -1.148050
	5
	13.000000 -0.000000 0.000000
	12.010434 4.974885 0.000000
	12.771639 -0.000000 1.148050
	5
	11.799455 4.887494 1.148050
	12.771639 -0.000000 1.148050
	12.010434 4.974885 0.000000
}

Sphere
{
	4
	6
}

